<?xml version="1.0"?>
<svg xmlns="http://www.w3.org/2000/svg" version="1.1">
  <path d="M 631.00 17.00 C 630.50 17.00 487.50 37.25 345.00 57.50 C 202.50 77.75 59.75 98.25 59.50 98.50 C 59.25 98.75 60.50 109.25 62.00 119.50 C 63.50 129.75 65.25 140.75 65.50 141.50 C 65.64 141.91 272.89 113.65 351.50 102.50 C 494.25 82.25 637.25 61.75 637.50 61.50 C 637.75 61.25 636.75 52.25 635.50 43.50 C 634.25 34.75 632.75 23.75 632.50 21.50 C 632.25 19.25 631.50 17.00 631.00 17.00 Z" fill="#000"/>
  <path d="M 47.00 146.50 C 45.00 146.25 43.00 146.25 43.00 146.50 C 43.00 146.75 47.50 163.75 52.00 180.50 L 61.00 214.00 L 65.50 214.50 L 70.00 215.00 L 75.00 197.00 C 77.50 188.00 81.50 173.00 83.00 167.00 C 84.50 161.00 86.25 155.50 86.50 156.00 C 86.75 156.50 91.00 171.50 95.00 186.00 L 103.00 215.00 L 107.50 215.00 L 112.00 215.00 L 120.50 183.50 C 124.75 167.75 129.25 150.50 129.50 149.00 C 129.74 147.53 127.96 146.26 126.00 146.50 L 122.00 147.00 L 115.00 176.00 C 111.50 190.50 107.75 204.75 107.50 204.50 C 107.25 204.25 105.00 196.25 103.00 188.50 C 101.00 180.75 97.25 166.25 95.50 159.50 L 92.00 146.00 L 87.00 146.00 C 84.50 146.00 81.75 146.25 81.50 146.50 C 81.25 146.75 77.25 161.25 73.50 175.50 C 69.75 189.75 65.50 204.00 65.00 204.00 C 64.50 204.00 60.75 189.75 57.50 175.50 L 51.00 147.00 L 47.00 146.50 Z" fill="#000"/>
  <path d="M 226.00 146.00 L 222.00 146.00 L 222.00 180.50 L 222.00 215.00 L 226.00 215.00 L 230.00 215.00 L 230.00 180.50 L 230.00 146.00 L 226.00 146.00 Z" fill="#000"/>
  <path d="M 279.00 146.00 L 275.00 146.00 L 275.00 159.00 L 275.00 172.00 L 270.50 168.50 C 269.57 167.78 262.43 165.00 261.50 165.00 C 259.25 165.00 254.50 166.25 252.00 167.50 C 249.50 168.75 245.75 172.00 244.50 174.00 C 243.25 176.00 241.50 181.50 241.00 185.00 C 240.81 186.31 241.22 196.47 241.50 197.50 C 242.25 200.25 245.00 205.50 247.00 208.00 C 247.74 208.92 255.08 214.22 256.00 214.50 C 258.50 215.25 262.75 215.75 264.50 215.50 C 264.58 215.49 270.93 211.58 271.00 211.50 L 274.00 208.00 L 274.50 211.50 C 274.71 213.00 277.29 215.00 279.00 215.00 L 283.00 215.00 L 283.00 180.50 L 283.00 146.00 L 279.00 146.00 Z" fill="#000"/>
  <path d="M 322.50 146.00 C 320.25 146.00 318.00 146.25 318.00 146.50 C 318.00 146.75 322.50 164.00 327.00 181.00 L 336.00 215.00 L 340.50 214.50 C 342.26 214.30 345.91 211.57 346.50 210.00 C 347.25 208.00 351.25 193.25 354.50 180.50 C 357.75 167.75 361.50 155.00 362.00 155.00 C 362.50 155.00 365.25 163.25 367.50 171.50 C 369.75 179.75 373.75 194.75 375.50 201.50 L 379.00 215.00 L 383.00 214.50 L 387.00 214.00 L 396.00 182.50 C 400.50 166.75 405.25 149.75 405.50 148.50 C 405.70 147.50 403.60 146.00 402.00 146.00 C 400.00 146.00 397.75 146.25 397.50 146.50 C 397.25 146.75 393.75 161.25 390.50 175.50 C 387.25 189.75 383.50 204.00 383.00 204.00 C 382.50 204.00 382.00 202.50 382.00 201.00 C 382.00 199.50 378.50 185.00 375.00 172.00 L 368.00 146.00 L 363.00 146.00 C 360.50 146.00 357.75 146.25 357.50 146.50 C 357.25 146.75 354.50 155.25 352.00 163.50 C 349.50 171.75 345.25 186.25 343.50 192.50 L 340.00 205.00 L 335.00 183.00 C 332.50 172.00 329.25 157.25 328.50 153.50 L 327.00 146.00 L 322.50 146.00 Z" fill="#000"/>
  <path d="M 418.00 146.00 L 414.00 146.00 L 414.00 150.50 L 414.00 155.00 L 418.00 155.00 L 422.00 155.00 L 422.00 150.50 L 422.00 146.00 L 418.00 146.00 Z" fill="#000"/>
  <path d="M 471.00 146.00 L 467.00 146.00 L 467.00 159.00 L 467.00 172.00 L 462.50 168.50 C 461.57 167.78 454.43 165.00 453.50 165.00 C 451.25 165.00 446.50 166.25 444.00 167.50 C 441.50 168.75 437.75 172.00 436.50 174.00 C 435.25 176.00 433.50 181.50 433.00 185.00 C 432.81 186.31 433.22 196.47 433.50 197.50 C 434.25 200.25 437.00 205.50 439.00 208.00 C 439.74 208.92 447.08 214.22 448.00 214.50 C 450.50 215.25 454.75 215.75 456.50 215.50 C 456.58 215.49 462.93 211.58 463.00 211.50 L 466.00 208.00 L 466.50 211.50 C 466.71 213.00 469.29 215.00 471.00 215.00 L 475.00 215.00 L 475.00 180.50 L 475.00 146.00 L 471.00 146.00 Z" fill="#000"/>
  <path d="M 568.00 146.50 C 566.00 146.25 564.00 146.25 564.00 146.50 C 564.00 146.75 568.50 163.75 573.00 180.50 L 582.00 214.00 L 586.50 214.50 L 591.00 215.00 L 596.00 197.00 C 598.50 188.00 602.50 173.00 604.00 167.00 C 605.50 161.00 607.25 155.50 607.50 156.00 C 607.75 156.50 612.00 171.50 616.00 186.00 L 624.00 215.00 L 628.50 215.00 L 633.00 215.00 L 641.50 183.50 C 645.75 167.75 650.25 150.50 650.50 149.00 C 650.74 147.53 648.96 146.26 647.00 146.50 L 643.00 147.00 L 636.00 176.00 C 632.50 190.50 628.75 204.75 628.50 204.50 C 628.25 204.25 626.00 196.25 624.00 188.50 C 622.00 180.75 618.25 166.25 616.50 159.50 L 613.00 146.00 L 608.00 146.00 C 605.50 146.00 602.75 146.25 602.50 146.50 C 602.25 146.75 598.25 161.25 594.50 175.50 C 590.75 189.75 586.50 204.00 586.00 204.00 C 585.50 204.00 581.75 189.75 578.50 175.50 L 572.00 147.00 L 568.00 146.50 Z" fill="#000"/>
  <path d="M 715.00 146.00 L 711.00 146.00 L 711.00 180.50 L 711.00 215.00 L 714.50 215.00 C 716.00 215.00 718.00 213.00 718.00 211.50 L 718.00 208.00 L 722.50 211.50 C 723.43 212.22 730.57 215.00 731.50 215.00 C 733.75 215.00 738.50 213.75 741.00 212.50 C 742.00 212.00 748.80 205.20 749.50 204.00 C 750.27 202.68 753.00 193.71 753.00 192.50 C 753.00 189.75 752.25 184.00 751.50 181.00 C 750.75 178.00 748.50 173.25 747.00 171.50 C 745.50 169.75 741.50 167.00 739.00 166.00 C 736.50 165.00 732.25 164.25 730.50 164.50 C 728.75 164.75 725.25 166.50 723.50 168.00 L 720.00 171.00 L 719.50 158.50 L 719.00 146.00 L 715.00 146.00 Z" fill="#000"/>
  <path d="M 771.00 146.00 C 769.50 146.00 766.00 147.40 766.00 148.00 C 766.00 149.00 766.50 160.50 767.00 171.00 C 767.50 181.50 768.25 193.75 768.50 195.50 C 768.63 196.40 770.86 199.00 771.50 199.00 C 772.57 199.00 774.29 195.00 774.50 192.00 C 774.75 188.50 775.25 175.25 775.50 165.50 L 776.00 146.00 L 771.00 146.00 Z" fill="#000"/>
  <path d="M 158.00 164.50 C 156.46 164.37 148.29 165.86 147.00 166.50 C 144.50 167.75 140.50 170.75 139.00 172.50 C 137.50 174.25 135.25 179.25 134.50 182.50 C 134.27 183.49 133.85 193.66 134.00 194.50 C 134.50 197.25 136.25 202.25 137.50 204.50 C 138.75 206.75 142.25 210.50 144.50 212.00 C 145.45 212.64 153.33 215.00 154.50 215.00 C 157.25 215.00 163.00 213.75 166.00 212.50 C 167.08 212.05 174.46 206.31 175.00 205.50 C 176.00 204.00 178.33 194.67 178.50 191.50 C 178.72 187.32 177.32 178.92 176.00 176.50 C 174.50 173.75 170.75 169.50 168.50 168.00 C 168.00 167.67 158.67 164.56 158.00 164.50 Z" fill="#000"/>
  <path d="M 209.00 164.50 C 207.67 164.33 202.67 166.33 201.50 167.50 L 198.00 171.00 L 197.50 168.00 C 197.33 167.00 194.67 165.00 193.50 165.00 L 190.00 165.00 L 190.00 190.00 L 190.00 215.00 L 194.00 215.00 L 198.00 215.00 L 198.00 201.00 C 198.00 194.00 198.50 184.75 199.00 182.50 C 199.50 180.25 200.50 177.00 201.00 176.00 C 201.50 175.00 203.50 173.50 205.00 173.00 C 206.50 172.50 209.25 172.50 210.50 173.00 C 210.89 173.16 213.84 172.74 214.00 172.50 C 214.50 171.75 215.25 169.75 215.50 168.50 C 215.75 167.25 215.25 165.75 214.50 165.50 C 213.75 165.25 211.00 164.75 209.00 164.50 Z" fill="#000"/>
  <path d="M 510.50 164.50 C 507.75 164.25 503.75 164.50 502.50 165.00 C 501.25 165.50 498.00 167.50 496.00 169.00 C 494.00 170.50 490.75 174.00 489.50 176.00 C 488.95 176.88 486.61 187.02 486.50 189.00 C 486.31 192.36 487.57 200.82 488.50 202.50 C 489.75 204.75 492.50 208.50 494.00 210.00 C 495.50 211.50 500.00 213.75 503.00 214.50 C 506.00 215.25 511.25 215.75 513.50 215.50 C 515.75 215.25 520.00 213.50 522.00 212.00 C 524.00 210.50 527.25 207.25 528.50 205.50 L 531.00 202.00 L 527.00 201.00 C 525.00 200.50 522.50 200.50 522.00 201.00 C 521.50 201.50 519.75 203.25 518.50 204.50 C 517.25 205.75 514.00 207.25 512.00 207.50 C 510.00 207.75 506.00 207.25 504.00 206.50 C 502.00 205.75 498.75 203.25 497.50 201.50 C 496.25 199.75 494.75 196.50 494.50 195.00 L 494.00 192.00 L 512.50 192.00 C 520.75 192.00 531.00 190.89 531.00 190.00 C 531.00 189.00 530.50 185.75 530.00 183.50 C 529.50 181.25 528.00 176.75 527.00 174.50 C 526.77 173.98 521.02 167.79 520.50 167.50 C 518.25 166.25 513.25 164.75 510.50 164.50 Z" fill="#000"/>
  <path d="M 679.00 164.50 C 676.00 164.25 672.00 164.25 671.00 164.50 C 670.00 164.75 667.00 166.25 665.00 167.50 C 663.00 168.75 659.75 172.25 658.50 174.50 C 657.98 175.44 655.60 186.51 655.50 188.50 C 655.31 192.03 656.57 201.14 657.50 203.00 C 657.54 203.08 664.92 211.45 665.00 211.50 C 666.17 212.32 674.98 215.38 676.50 215.50 C 678.32 215.64 686.60 214.20 688.00 213.50 C 690.50 212.25 694.75 208.75 696.50 206.50 L 700.00 202.00 L 696.00 201.00 C 694.29 200.57 690.00 202.00 688.50 203.50 C 687.78 204.22 681.03 207.40 680.00 207.50 C 677.50 207.75 673.50 207.50 672.00 207.00 C 670.50 206.50 667.75 204.25 666.50 202.50 C 665.25 200.75 663.75 197.25 663.50 195.50 L 663.00 192.00 L 681.50 192.00 C 690.75 192.00 700.00 191.50 700.00 191.00 C 700.00 190.50 699.75 187.25 699.50 184.50 C 699.45 183.93 696.31 175.41 696.00 175.00 C 694.50 173.00 691.00 169.50 689.00 168.00 C 688.38 167.53 679.94 164.58 679.00 164.50 Z" fill="#000"/>
  <path d="M 418.00 165.00 L 414.00 165.00 L 414.00 190.00 L 414.00 215.00 L 418.00 215.00 L 422.00 215.00 L 422.00 190.00 L 422.00 165.00 L 418.00 165.00 Z" fill="#000"/>
  <path d="M 157.00 172.50 C 154.50 172.25 151.25 172.25 150.50 172.50 C 149.75 172.75 147.75 174.50 146.50 176.00 C 145.25 177.50 143.25 181.75 142.50 184.50 C 142.00 186.33 142.00 193.67 142.50 195.50 C 143.25 198.25 145.50 202.50 147.00 204.00 C 147.25 204.25 154.13 207.46 154.50 207.50 C 156.75 207.75 160.50 207.25 162.00 206.50 C 163.50 205.75 166.25 203.50 167.50 202.00 C 167.88 201.54 170.42 193.49 170.50 192.50 C 170.51 192.36 169.53 182.09 169.50 182.00 C 168.75 180.00 166.50 176.75 165.00 175.50 C 163.50 174.25 159.50 172.75 157.00 172.50 Z" fill="#fff"/>
  <path d="M 262.50 172.50 C 261.73 172.41 255.93 173.66 255.50 174.00 C 254.25 175.00 252.00 177.50 251.00 179.00 C 250.00 180.50 248.75 185.00 248.50 188.00 C 248.42 188.95 249.68 197.79 250.00 198.50 C 251.00 200.75 253.25 204.00 254.50 205.00 C 255.75 206.00 258.75 207.25 260.50 207.50 C 262.25 207.75 265.50 207.25 267.00 206.50 C 268.50 205.75 271.25 203.25 272.50 201.50 C 273.20 200.52 275.00 192.60 275.00 190.50 C 275.00 186.75 274.25 181.25 273.50 179.50 C 272.75 177.75 270.75 175.25 269.50 174.50 C 268.25 173.75 264.75 172.75 262.50 172.50 Z" fill="#fff"/>
  <path d="M 454.50 172.50 C 453.73 172.41 447.93 173.66 447.50 174.00 C 446.25 175.00 444.00 177.50 443.00 179.00 C 442.00 180.50 440.75 185.00 440.50 188.00 C 440.42 188.95 441.68 197.79 442.00 198.50 C 443.00 200.75 445.25 204.00 446.50 205.00 C 447.75 206.00 450.75 207.25 452.50 207.50 C 454.25 207.75 457.50 207.25 459.00 206.50 C 460.50 205.75 463.25 203.25 464.50 201.50 C 465.20 200.52 467.00 192.60 467.00 190.50 C 467.00 186.75 466.25 181.25 465.50 179.50 C 464.75 177.75 462.75 175.25 461.50 174.50 C 460.25 173.75 456.75 172.75 454.50 172.50 Z" fill="#fff"/>
  <path d="M 509.50 172.50 C 506.75 172.25 504.00 172.25 504.00 172.50 C 504.00 172.75 502.25 174.25 500.50 175.50 C 498.75 176.75 496.50 179.25 496.00 180.50 C 495.50 181.75 495.25 183.25 495.50 183.50 C 495.75 183.75 502.75 183.75 509.50 183.50 L 523.00 183.00 L 521.50 180.00 C 520.75 178.50 518.75 176.00 517.50 175.00 C 516.25 174.00 512.25 172.75 509.50 172.50 Z" fill="#fff"/>
  <path d="M 678.50 172.50 C 675.75 172.25 672.25 172.25 671.50 172.50 C 670.75 172.75 669.00 174.00 668.00 175.00 C 667.00 176.00 665.25 178.75 664.50 180.50 L 663.00 184.00 L 677.00 184.00 C 684.00 184.00 691.00 183.50 691.00 183.00 C 691.00 182.50 690.50 180.50 690.00 179.00 C 689.50 177.50 687.75 175.25 686.50 174.50 C 685.25 173.75 681.25 172.75 678.50 172.50 Z" fill="#fff"/>
  <path d="M 732.50 172.50 C 732.35 172.48 726.06 173.45 726.00 173.50 C 725.00 174.25 723.00 176.25 722.00 177.50 C 721.00 178.75 719.50 182.75 719.00 185.50 C 718.50 188.25 718.25 193.25 718.50 195.50 C 718.57 196.14 722.00 203.00 722.50 203.50 C 722.71 203.71 729.76 207.47 730.00 207.50 C 732.00 207.75 735.25 207.25 736.50 206.50 C 737.75 205.75 740.50 203.00 742.00 201.00 C 742.25 200.67 745.00 193.33 745.00 193.00 C 745.00 191.00 744.25 186.00 743.50 183.00 C 742.75 180.00 740.75 176.00 739.50 175.00 C 738.25 174.00 734.75 172.75 732.50 172.50 Z" fill="#fff"/>
  <path d="M 771.50 206.00 L 767.00 206.00 L 767.00 210.50 L 767.00 215.00 L 771.50 215.00 L 776.00 215.00 L 776.00 210.50 L 776.00 206.00 L 771.50 206.00 Z" fill="#000"/>
  <path d="M 349.50 232.50 C 343.25 232.25 333.25 232.50 329.50 233.00 C 325.75 233.50 317.00 235.75 312.00 237.50 C 307.00 239.25 296.75 243.75 291.50 246.50 C 286.25 249.25 276.25 256.00 271.50 260.00 C 266.75 264.00 259.00 271.50 256.00 275.00 C 253.00 278.50 246.75 288.00 243.50 294.00 C 240.25 300.00 235.50 311.00 234.00 316.00 C 233.55 317.49 230.15 338.34 230.00 340.50 C 229.79 343.53 230.19 363.30 230.50 365.50 C 230.56 365.89 235.85 385.63 236.00 386.00 C 238.00 391.00 243.00 401.25 246.00 406.50 C 249.00 411.75 256.00 421.25 260.00 425.50 C 264.00 429.75 272.50 437.50 277.00 441.00 C 281.50 444.50 291.25 450.50 296.50 453.00 C 301.75 455.50 312.00 459.25 317.00 460.50 C 322.00 461.75 332.50 463.25 338.00 463.50 C 343.50 463.75 354.00 463.50 359.00 463.00 C 359.20 462.98 378.80 458.57 379.00 458.50 C 384.00 456.75 394.25 452.25 399.50 449.50 C 399.86 449.31 420.14 435.31 420.50 435.00 C 420.71 434.82 437.86 416.69 438.00 416.50 C 441.50 411.75 447.50 401.75 450.00 396.50 C 452.50 391.25 456.25 381.00 457.50 376.00 C 458.14 373.45 460.00 355.20 460.00 351.50 C 460.00 348.60 458.00 327.40 457.50 325.00 C 457.03 322.77 449.71 301.60 448.50 299.00 C 447.17 296.14 436.03 277.84 434.50 276.00 C 430.75 271.50 423.00 263.50 419.00 260.00 C 415.00 256.50 404.50 249.50 398.00 246.00 C 395.81 244.82 375.44 236.51 373.50 236.00 C 371.96 235.60 351.17 232.57 349.50 232.50 Z" fill="#000"/>
  <path d="M 109.50 247.00 C 108.75 247.00 107.25 247.75 106.50 248.50 C 106.00 249.00 148.33 317.67 170.00 351.50 C 202.50 402.25 235.50 453.25 236.00 453.50 C 236.50 453.75 237.75 453.25 238.50 452.50 C 239.00 452.00 197.00 383.00 175.50 349.00 C 143.25 298.00 110.25 247.00 109.50 247.00 Z" fill="#000"/>
  <path d="M 68.00 382.00 L 67.00 276.00 L 66.50 382.00 L 66.00 488.00 L 41.00 488.50 L 16.00 489.00 L 41.00 490.00 L 66.00 491.00 L 66.50 519.00 L 67.00 547.00 L 68.00 519.00 L 69.00 491.00 L 222.00 490.50 L 375.00 490.00 L 222.00 489.00 L 69.00 488.00 L 68.00 382.00 Z" fill="#000"/>
  <path d="M 593.00 316.00 L 508.00 316.00 L 508.00 375.50 L 508.00 435.00 L 537.50 435.00 L 567.00 435.00 L 567.00 474.50 L 567.00 514.00 L 657.00 514.00 L 747.00 514.00 L 747.00 444.50 L 747.00 375.00 L 712.50 375.00 L 678.00 375.00 L 678.00 345.50 L 678.00 316.00 L 593.00 316.00 Z" fill="#000"/>
  <path d="M 606.00 363.00 L 561.00 363.00 L 561.00 382.50 L 561.00 402.00 L 606.00 402.00 L 651.00 402.00 L 651.00 382.50 L 651.00 363.00 L 606.00 363.00 Z" fill="#fff"/>
  <path d="M 667.00 441.00 L 619.00 441.00 L 619.00 462.50 L 619.00 484.00 L 667.00 484.00 L 715.00 484.00 L 715.00 462.50 L 715.00 441.00 L 667.00 441.00 Z" fill="#fff"/>
</svg>
